image_width: 640
image_height: 480
camera_name: camera
camera_matrix:
  rows: 3
  cols: 3
  data: [481.429105, 0.000000, 316.751378, 0.000000, 482.029535, 245.995059, 0.000000, 0.000000, 1.000000]
distortion_model: plumb_bob
distortion_coefficients:
  rows: 1
  cols: 5
  data: [0.163978, -0.181804, -0.000380, -0.001932, 0.000000]
rectification_matrix:
  rows: 3
  cols: 3
  data: [1.000000, 0.000000, 0.000000, 0.000000, 1.000000, 0.000000, 0.000000, 0.000000, 1.000000]
projection_matrix:
  rows: 3
  cols: 4
  data: [498.491638, 0.000000, 315.060962, 0.000000, 0.000000, 499.690948, 245.317949, 0.000000, 0.000000, 0.000000, 1.000000, 0.000000]
